20
4
5
5
1.000000 514.000000 600.000000 2.000000 2.000000
0.000000 514.000000 400.000000 0.000000 2.000000
0.000000 28.000000 600.000000 0.000000 -2.000000
1.000000 28.000000 400.000000 3.000000 -2.000000
1.000000 221.000000 440.000000 4.000000 2.000000
350.000000 10.000000 -1.823459 -7.789416 0.000000
350.000000 10.000000 -2.051392 -8.763093 0.000000
350.000000 10.000000 -2.279324 -9.736770 0.000000
350.000000 10.000000 -2.507257 -10.710447 0.000000
350.000000 10.000000 -2.735189 -11.684123 0.000000
0 350 0
0 0 0
0 0 0
0 0 0
0 0 0
0 0 0
0 0 0
0 0 0
0 0 0
0 0 0
0 0 0
1
1 508 400 0
0 0 0 0
0 0 0 0
0 0 0 0
0 0 0 0
0 0 0 0
0 0 0 0
0 0 0 0
0 0 0 0
0 0 0 0
fddh 0 0
1 0 0
0
0 500 1 0
